name: project-env
channels:
  - conda-forge
  - defaults
dependencies:
  - certifi=2020.6.20=pyhd3eb1b0_3
  - intel-openmp=2023.1.0=h57928b3_46319
  - joblib=1.2.0=pyhd8ed1ab_0
  - libblas=3.9.0=16_win64_mkl
  - libcblas=3.9.0=16_win64_mkl
  - libhwloc=2.9.1=h51c2c0f_0
  - libiconv=1.17=h8ffe710_0
  - liblapack=3.9.0=16_win64_mkl
  - libxml2=2.10.4=hc3477c8_0
  - libzlib=1.2.13=hcfcfb64_4
  - m2w64-gcc-libgfortran=5.3.0=6
  - m2w64-gcc-libs=5.3.0=7
  - m2w64-gcc-libs-core=5.3.0=7
  - m2w64-gmp=6.1.0=2
  - m2w64-libwinpthread-git=5.0.0.4634.697f757=2
  - mkl=2022.1.0=h6a75c08_874
  - msys2-conda-epoch=20160418=1
  - numpy=1.19.5=py36h4b40d73_2
  - pip=20.0.2=py36_1
  - pthreads-win32=2.9.1=hfa6e2cd_3
  - python=3.10
  - python_abi=3.6=2_cp36m
  - scikit-learn=0.22.1=py36h7208079_1
  - scipy=1.5.3=py36h27d303f_1
  - setuptools=49.6.0=py36ha15d459_3
  - tbb=2021.9.0=h91493d7_0
  - ucrt=10.0.22621.0=h57928b3_0
  - vc=14.3=h3d8a991_11
  - vs2015_runtime=14.34.31931=h4c5c07a_11
  - wheel=0.34.2=py36_0
  - wincertstore=0.2=pyhd8ed1ab_1009
prefix: C:\Users\ahmui\miniconda3\envs\dstoolbox
